$ANSIBLE_VAULT;1.1;AES256
39376532386135386634306564393562316365663137303034363332663239666636353334343532
6134313562666638626131313966616338333161343063630a613532653135366135333832653561
33356466323638353433313439336638346238366130366536653362623864663564613839653066
6437396631643334340a333765363564313635376439346665363630366135313035626265373961
32343064343132663433353066323232313863643166616130343834356537616561646530353638
36393930646634353862653739616436623832356564323066353431316461313232363930356631
61343237663434373637333531333061643165303130633465323336666530353764626530616266
30336238366165336638313062653038386230636664353662616634393637363336326238626462
39636433656165663633356263613866386163643233376462656661353264356334303639653438
31613536363936303134323738366533636464333834653466323936646439663838333264373963
31323731613438663363643839333631313430333733303830373539626236623862386339393532
32333266313066356332613063616362626366353366366437626532656239663362376531616634
61666332326135656538373066303566656531326165643630303664326136316561323163313164
64623737653139616634363735623365303739333136653061303962366333376438333931366533
61346637376633353964653062623433326364653932616537373766633039663863376632366538
31393337643731366461323863326633353634363862646631313133343239323230303865616433
61303632616437663364613335363033356634613133363564396236346438353739373031623564
31666536353631373233643766623938343662353839333735633239393537373333316462386236
36343562303330316561386565336438336435663639323039616436366238333161393336393234
31643461383835616137376431616266633134636432343063663930643032653562663032633932
35653836636236323631666164313666363836353638633537353564326336323565626630313364
38663762623236343964636565656466626631383039333464653735333063393365393861363731
643437346634323332363238393137666631
